# Created by Octave 9.3.0, Wed Feb 11 10:17:28 2026 GMT <unknown@cromero-pc>
# name: A
# type: matrix
# rows: 1
# columns: 3
 1 -1.2720826272215189 0.50598912012047659


# name: B
# type: matrix
# rows: 1
# columns: 3
 0.12744562886384958 -0.023662270312083164 0.12744562886384961


# name: H
# type: complex matrix
# rows: 1024
# columns: 1
 (0.98855309465693864,0)
 (0.98853641508077505,-0.0064054449466491017)
 (0.98848636492849085,-0.01281134558350832)
 (0.98840290992770363,-0.019218157139242211)
 (0.98828599295445163,-0.025626333918785549)
 (0.98813553402826493,-0.032036328839882403)
 (0.98795143030535626,-0.038448592967710526)
 (0.98773355607005486,-0.044863575046955352)
 (0.98748176272458488,-0.051281721030697017)
 (0.98719587877738679,-0.057703473605479359)
 (0.98687570983013573,-0.064129271711927033)
 (0.98652103856370954,-0.070559550060285553)
 (0.98613162472334026,-0.076994738640256355)
 (0.98570720510321908,-0.083435262224504814)
 (0.98524749353092389,-0.089881539865228954)
 (0.98475218085194771,-0.096333984383169313)
 (0.9842209349147496,-0.10279300184845712)
 (0.98365340055673767,-0.1092589910526998)
 (0.98304919959161086,-0.11573234297170749)
 (0.98240793079857047,-0.12221344021827815)
 (0.98172916991388559,-0.12870265648445975)
 (0.98101246962540078,-0.13520035597272709)
 (0.98025735957052651,-0.14170689281550816)
 (0.9794633463384067,-0.14822261048252883)
 (0.97862991347685924,-0.15474784117542897)
 (0.97775652150484504,-0.16128290520914587)
 (0.97684260793118383,-0.16782811037955803)
 (0.97588758728031388,-0.17438375131690859)
 (0.97489085112590845,-0.18095010882454363)
 (0.97385176813324226,-0.18752744920252779)
 (0.97276968411119824,-0.19411602355571381)
 (0.9716439220748746,-0.20071606708587511)
 (0.97047378231980619,-0.20732779836753648)
 (0.9692585425088317,-0.21395141860716713)
 (0.96799745777270874,-0.22058711088543481)
 (0.96668976082559843,-0.22723503938224787)
 (0.96533466209663399,-0.23389534858436781)
 (0.96393134987877183,-0.24056816247538865)
 (0.9624789904962251,-0.24725358370795428)
 (0.96097672849180804,-0.25395169275811053)
 (0.95942368683554446,-0.2606625470617438)
 (0.9578189671559878,-0.26738618013312621)
 (0.95616164999570497,-0.2741226006656286)
 (0.95445079509243802,-0.28087179161473363)
 (0.95268544168751224,-0.2876337092635512)
 (0.95086460886310065,-0.29440828227110882)
 (0.94898729590996156,-0.30119541070374667)
 (0.94705248272738385,-0.30799496505006835)
 (0.9450591302570388,-0.31480678521993671)
 (0.94300618095252753,-0.32163067952813873)
 (0.94089255928639626,-0.32846642366338547)
 (0.93871717229650775,-0.33531375964348548)
 (0.93647891017359397,-0.34217239475756478)
 (0.93417664689188851,-0.3490420004963542)
 (0.93180924088479178,-0.35592221147170222)
 (0.92937553576744436,-0.36281262432652062)
 (0.92687436110821175,-0.3697127966365969)
 (0.9243045332509966,-0.37662224580575504)
 (0.92166485619035643,-0.38354044795603554)
 (0.91895412250136321,-0.39046683681468858)
 (0.91617111432615705,-0.39740080259993565)
 (0.91331460441910539,-0.40434169090760169)
 (0.91038335725246178,-0.41128880160088394)
 (0.9073761301843789,-0.41824138770568803)
 (0.90429167469108018,-0.42519865431412707)
 (0.9011287376649465,-0.4321597574989669)
 (0.897886062780198,-0.43912380324195782)
 (0.89456239192777109,-0.44608984637919225)
 (0.89115646672090287,-0.45305688956679419)
 (0.88766703007283632,-0.46002388227045626)
 (0.88409282784791954,-0.46698971978249731)
 (0.88043261058726263,-0.47395324227032587)
 (0.87668513530995262,-0.4809132338603701)
 (0.87284916739066809,-0.48786842176172834)
 (0.86892348251435314,-0.49481747543397647)
 (0.86490686870841149,-0.50175900580374933)
 (0.86079812845267278,-0.50869156453489706)
 (0.85659608086712868,-0.51561364335717019)
 (0.85229956397723394,-0.52252367345861006)
 (0.84790743705621885,-0.52942002494687435)
 (0.84341858304366069,-0.53630100638499945)
 (0.8388319110391832,-0.54316486440714484)
 (0.834146358869849,-0.55000978342001028)
 (0.82936089572949234,-0.55683388539577883)
 (0.82447452488781936,-0.56363522976243796)
 (0.81948628646676502,-0.57041181339748426)
 (0.81439526028116982,-0.57716157073101959)
 (0.80920056874044255,-0.58388237396432774)
 (0.80390137980740972,-0.59057203340995423)
 (0.79849691001012435,-0.59722829795935906)
 (0.79298642750194381,-0.60384885568413427)
 (0.78736925516469358,-0.61043133457668775)
 (0.78164477374925301,-0.61697330343619916)
 (0.77581242504741255,-0.62347227290550578)
 (0.76987171508832553,-0.6299256966643717)
 (0.76382221735238998,-0.63633097278439055)
 (0.75766357599487577,-0.64268544525051341)
 (0.75139550907109975,-0.6489864056538468)
 (0.74501781175445259,-0.65523109506008259)
 (0.73853035953808566,-0.66141670605746394)
 (0.73193311141055928,-0.66754038498779522)
 (0.72522611299531703,-0.67359923436350222)
 (0.71840949964335454,-0.67959031547322613)
 (0.71148349946804934,-0.68551065117783605)
 (0.70444843631071774,-0.69135722889816276)
 (0.69730473262505488,-0.6971270037950269)
 (0.69005291226832643,-0.70281690214148074)
 (0.68269360318685013,-0.70842382488637912)
 (0.67522753998306728,-0.7139446514076101)
 (0.66765556635130241,-0.71937624345250428)
 (0.65997863736916818,-0.72471544926198206)
 (0.65219782163146878,-0.72995910787421281)
 (0.64431430321345695,-0.73510405360249886)
 (0.63632938345031742,-0.74014712068123056)
 (0.62824448251988596,-0.74508514807268189)
 (0.62006114081578378,-0.74991498442652327)
 (0.61178102009843516,-0.75463349318281536)
 (0.60340590441176378,-0.75923755780829683)
 (0.59493770075381103,-0.76372408715478479)
 (0.58637843949003554,-0.7680900209274073)
 (0.57773027449863856,-0.77233233524955547)
 (0.56899548303797076,-0.77644804831036007)
 (0.56017646532683951,-0.78043422607963642)
 (0.55127574382939282,-0.78428798807434519)
 (0.54229596223721921,-0.78800651315979631)
 (0.53323988414229551,-0.79158704536801505)
 (0.52411039139555404,-0.79502689971502993)
 (0.51491048214698742,-0.79832346799815468)
 (0.50564326856447694,-0.80147422455381412)
 (0.4963119742298176,-0.80447673195599223)
 (0.48691993121179611,-0.80732864663499293)
 (0.47747057681757904,-0.81002772439595339)
 (0.4679674500251263,-0.81257182581636989)
 (0.45841418760082892,-0.814958921501865)
 (0.44881451990807775,-0.81718709717947624)
 (0.43917226641399321,-0.81925455860793095)
 (0.42949133090306391,-0.821159636284709)
 (0.41977569640794909,-0.82290078993008753)
 (0.41002941986921321,-0.82447661272896866)
 (0.40025662653719041,-0.82588583531193416)
 (0.3904615041306258,-0.82712732945780765)
 (0.38064829676808748,-0.82820011150089956)
 (0.37082129868942593,-0.82910334542722397)
 (0.36098484778582934,-0.82983634564500797)
 (0.35114331895810169,-0.83039857941620931)
 (0.34130111732386065,-0.830789668937023)
 (0.33146267129528911,-0.83100939305682509)
 (0.32163242554986238,-0.83105768862656315)
 (0.31181483391722131,-0.83093465146913248)
 (0.30201435220586886,-0.83064053696600137)
 (0.29223543099387089,-0.83017576025599493)
 (0.28248250840796335,-0.8295408960439411)
 (0.27276000291571184,-0.82873667801857787)
 (0.26307230615530203,-0.82776399788095301)
 (0.25342377582746428,-0.82662390398629282)
 (0.24381872867373863,-0.82531759960405904)
 (0.23426143356487636,-0.82384644080267444)
 (0.2247561047226331,-0.8222119339670334)
 (0.2153068950974987,-0.82041573295860959)
 (0.2059178899241334,-0.81845963592948445)
 (0.19659310047529929,-0.81634558180314876)
 (0.18733645803407409,-0.81407564643632646)
 (0.17815180810293846,-0.81165203847738543)
 (0.16904290486712317,-0.80907709493810331)
 (0.16001340592822405,-0.80635327649665878)
 (0.15106686732272068,-0.80348316255070895)
 (0.14220673883853335,-0.80046944604025827)
 (0.13343635964125855,-0.79731492806075599)
 (0.12475895422013382,-0.79402251228748233)
 (0.11617762866220611,-0.79059519923272092)
 (0.10769536726155994,-0.78703608035759787)
 (0.099315029468869803,-0.78334833206062415)
 (0.091039347184902794,-0.77953520956511424)
 (0.082870922400047828,-0.77560004072755317)
 (0.074812225180366634,-0.77154621978885651)
